matris:[
     [70,70,70,70,70,70,70,70,70,70,70,70,70,70,70,70,70,70,70,70],
     [70,70,70,70,70,70,70,70,70,70,70,70,70,70,70,70,70,70,70,70],
     [70, 0, 0, 0, 0, 0, 0, 0, 0, 0, 0, 0, 0, 0, 0, 0, 0, 0, 0,70],
     [70, 0, 0, 0, 0, 0, 0, 0, 0, 0, 0, 0, 0, 0, 0, 0, 0, 0, 0,70],
     [70, 0, 0, 0, 0, 0,11,12,12,12,12,12,12,13, 0, 0, 0, 0, 0,70],
     [70, 0, 0, 0, 0, 0,70,70,70,70,70,70,70,70, 0, 0, 0, 0, 0,70],
     [70, 0, 0, 0, 0, 0,70,70,70,70,70,70,70,70, 0, 0, 0, 0,101,70],
     [70,12,13, 0, 0, 0, 0, 0, 0, 0, 0, 0, 0, 0, 0, 0, 0,11,12,70],
     [70,70,70,70,70,70,70,70,70,70,70,70,70,70,70,70,70,70,70,70],
     [70,70,70,70,70,70,70,70,70,70,70,70,70,70,70,70,70,70,70,70]
]	