matris:[
     [70,70,70,70,70,70,70,70,70,70,70,70,70,70,70,70,70,70,70,70],
     [70,70,70, 0, 0, 0, 0, 0, 0, 0, 0, 0, 0, 0, 0, 0, 0, 0, 0,70],
     [70,70,70, 0, 0, 0, 0, 0, 0, 0, 0, 0, 0, 0, 0, 0, 0, 1, 2,70],
     [70,70,70, 0, 0, 0, 0, 0, 0, 0, 0, 0, 0, 0, 0, 0, 0, 0, 0,70],
     [70,70,70, 0, 0, 0, 0, 0, 0, 0, 0, 0, 0, 0, 0, 0, 0, 0,101,70],
     [70,70,70, 2, 2, 2, 2, 2, 2, 3, 0, 0, 0, 0, 0, 0, 1, 2, 2,70],
     [70,70,70,70,70,70,70,70,70,70, 2, 2, 3, 0, 0, 0, 0, 0, 0,70],
     [70,70,70,70,70,70,70,70,70,70,70,70,70, 3, 0, 0, 0, 0, 0,70],
     [70,70,70,70,70,70,70,70,70,70,70,70,70,70, 3, 0, 0, 0, 0,70],
     [70,70,70,70,70,70,70,70,70,70,70,70,70,70,70, 2, 2, 2, 2,70]
]		